standardizeInput
0.0;0.0;-2.7987442;12.835033;3.674167;0.88232374;-5.6133327;-4.454226;-7.2187877;-2.5061784;-3.8685186;-3.0415812;-4.39152;-2.3655393;17.290041;0.0
0.0;0.0;16.946337;12.087008;12.555441;13.748904;14.514771;13.537267;13.433995;12.708553;13.900535;12.684247;12.162774;10.348725;3.733623;0.0
log
standardizeOutput
0.016711533;0.2458947;0.119975515;0.017293816;0.07864389;0.07345081;0.054645747;0.22229986;0.060947128;0.016657878;0.09921387;0.07167005;0.12760152;0.05728063;0.11510794;0.0810941;0.09517609;0.15706766;0.299381;0.06792199;0.028388157;0.058905106;0.02539992;0.077992775;0.12184241;0.082172446;0.010146967;0.26322645;0.10109532;0.0230463;0.023491392;0.06521106;0.027023977;0.10216836;0.09442952;0.09604473;0.009684977;0.0384513;0.23273252;0.07514433;0.21134324;0.026527049;0.09487005;0.15472652;0.025244854;0.04374604;0.030228917;0.060666338;0.032933205;0.060574885;0.06328879;0.030330116;0.2482877;0.18577757;0.027088707;0.08835253;0.01438307;0.08935661;0.007590669;0.09269756;0.091575295;0.037541702;0.1348835;0.39031616;0.082093656;0.091112465;0.22263214;0.08315184;0.13260771;0.022617763;0.12891558;0.16135255;0.03629125;0.08581946;0.031540006;0.20596983;0.2683668;0.15317743;0.033838462;0.06672072;0.048949037;0.10777431;0.06024359;0.09118744;0.01973476;0.15512814;0.07516708;0.14037606;0.050485525;0.023486068;0.047628343;0.0014370716;0.047436472;0.09538018;0.03065197;0.019416772;0.0010056479;0.14469366;0.044666544;0.062598765;0.04020183;0.19172294;0.024628509;0.0370038;0.089425184;0.025109889;0.08017009;0.08720165;0.22618681;0.085905835;0.07963575;0.3208188;0.010572369;0.03663856;0.35431635;0.1536875;0.015837522;0.17259629;0.07036231;0.03541808;0.030148486;0.07070026;0.053023655;0.12965696;0.11724883;0.13118269;0.07272086;0.028603712;0.07000507;0.12054122;0.19465983;0.051365525;0.076440394;0.08250606;0.054680884;0.15935804;0.043079447;0.010776468;0.15254515;0.06205233;0.0191803;0.20497155;0.06299776;0.019974237;0.050010737;0.011527463;0.105591774;0.022317551;0.11288368;0.13534737;0.16910782;0.07396825;0.09974993;0.014739927;0.14453834;0.1679949;0.03066792;0.020044502;0.022453902;0.24208477;0.064560935;0.05521559;0.13952671;0.11623915;0.019024575;0.03682339;0.1537169;0.13789168;0.023718363;0.2330294;0.2676797;0.20337297;0.092338264;0.02490146;0.016930133;0.03765689;0.06676913;0.013741483;0.07122503;0.07932812;0.17604662;0.046223685;0.19518179;0.07420452;0.09368003;0.033116624;0.051183004;0.21340081;0.0060632215;0.054343805;0.025200628;0.12569496;0.119096234;0.23564003;0.09065519;0.027437275;0.066307686;0.11837669;0.08288426;0.06148533
0.048414312;0.10422267;0.120466866;0.039028473;0.08916788;0.111075476;0.08845988;0.08955199;0.08350468;0.056610327;0.10214255;0.11168991;0.08436502;0.07462733;0.12984137;0.10509508;0.12984072;0.09108966;0.09376932;0.10886046;0.06322842;0.09743375;0.057826906;0.11849304;0.098233365;0.10167658;0.035256;0.09234019;0.12365655;0.0699664;0.053511765;0.07599281;0.060853355;0.09334998;0.09855754;0.11285904;0.03574574;0.068981394;0.13554955;0.0826183;0.09907108;0.075736925;0.12768064;0.11367318;0.058915246;0.08848443;0.06899865;0.09368197;0.08095749;0.098374285;0.09787326;0.0622193;0.105374284;0.12351927;0.061752792;0.101860814;0.044415955;0.105739065;0.030021012;0.1189319;0.13027611;0.07842921;0.10222236;0.087593645;0.10215585;0.10135345;0.1125862;0.08995925;0.1305858;0.06428612;0.10444641;0.09617578;0.060210183;0.07993687;0.055698853;0.11131777;0.0841313;0.1169369;0.06986847;0.08906812;0.10110888;0.10630569;0.081975475;0.12391378;0.057157263;0.08244539;0.08795151;0.11992055;0.09202896;0.060582034;0.06995697;0.015656754;0.09814865;0.11229781;0.056011617;0.052200038;0.012044534;0.13681751;0.07622218;0.093925856;0.073606215;0.12918335;0.050059553;0.071497604;0.09513011;0.069625236;0.11547727;0.09973647;0.083183065;0.10479937;0.08690182;0.08400818;0.04213514;0.07127808;0.07731665;0.09606218;0.050268713;0.13504675;0.09295115;0.07750583;0.06461556;0.097626664;0.09924264;0.09829628;0.113444515;0.08149577;0.11866904;0.07931486;0.09321772;0.117868036;0.12766285;0.064820565;0.114564896;0.08344556;0.090638764;0.11199833;0.084720105;0.041302845;0.12724346;0.07690592;0.05637976;0.106196396;0.0813709;0.057693485;0.09645635;0.044357963;0.10689287;0.04619527;0.11398885;0.10786575;0.1204761;0.11308836;0.100160405;0.055821538;0.12577689;0.09098022;0.057083283;0.061594535;0.057859767;0.09413667;0.10539651;0.095852844;0.10536453;0.12867737;0.050338108;0.06344205;0.11678298;0.09038499;0.054111723;0.10225675;0.10549462;0.079120554;0.1299634;0.061810553;0.05865204;0.064389996;0.10512335;0.045462612;0.11239727;0.11169604;0.106606215;0.0777028;0.13530697;0.08229859;0.11609728;0.08247526;0.09725724;0.1376761;0.030492807;0.09178877;0.06541123;0.1222935;0.114828005;0.12923555;0.1314999;0.07417407;0.08365179;0.12666498;0.12231332;0.088452175
codebookNumeric
200;13
1.2040534;0.492311;2.3457189;0.16945606;-1.1503549;0.24328569;-1.6775182;0.9152124;1.5690712;-1.6380639;-0.22030772;1.8954529;1.7548634
-1.01769;-0.8981986;-0.8033269;-0.12748893;0.14628668;0.3473729;0.686392;-0.24668847;-0.42726877;-0.4050913;0.42492703;0.37780964;-1.1612798
0.94257504;0.06695346;-1.6325837;-1.0728989;-0.7055452;-0.6045618;-1.0766107;0.4559236;0.2288448;-0.70081484;-0.44873846;-0.04598108;-0.15957445
-0.89326364;2.1458018;1.067606;0.7723362;0.28770643;-0.063895695;-0.69115645;-1.6786176;0.4257969;-0.50580204;-0.6434601;2.0633419;-0.40668303
0.35854912;0.7148912;-0.40230298;1.3538879;0.25101084;0.95616984;-0.82518953;0.67355996;0.6430651;1.4730084;0.23953764;0.79409516;0.28526682
0.9529419;-0.5002268;1.0057673;-0.7098584;-2.5144846;-1.7044204;-0.08781967;-2.5036683;-2.5129905;0.22371878;-1.1398132;-1.9426895;0.76772606
-0.0389857;0.025006732;-1.0525564;-0.86888194;-1.5074745;-0.5423321;0.08529975;-1.213948;-0.5186988;-0.5366694;-1.2987753;-2.2657273;-0.74925375
-0.86813253;-0.26543963;-0.3097275;-0.14562984;0.4444048;0.7521708;0.95350593;-0.054941777;0.99675274;0.72239435;-0.032254636;0.752403;-1.4545096
0.8635114;0.46971807;-1.1288291;-1.1946366;1.0572915;1.5592384;2.2139564;1.8305756;0.58191025;0.0342827;0.013832768;0.5136325;0.33367565
1.7995437;-2.6167502;0.32556006;-1.6798637;-1.0076169;0.47574064;-2.30443;0.630711;-0.6910749;1.4994829;-1.3504814;-2.3805184;1.7367687
1.2783798;0.3909617;-0.08649669;1.828053;0.49425322;-1.6181955;-0.7490804;-0.30134442;-0.5511839;-1.2825632;-0.78199345;-0.5221349;1.2411453
1.1853927;-0.23074058;3.0039299;0.44894785;-1.6476599;-1.4967065;-1.0310687;0.3228759;-0.66508746;-0.96997076;-0.07103222;1.196843;1.1942714
-0.59281164;-0.5933736;-0.4809886;-0.15638648;0.43301028;1.1541344;1.5478729;1.7607409;0.7362283;0.16308455;1.3541582;0.6635546;-0.39993358
-0.14849097;-0.39970484;1.346559;-0.5987206;-0.23213422;1.6242168;1.370237;-0.5520116;-0.28924343;0.5662596;-0.8989274;0.0014353875;-0.46475524
1.4848386;0.445861;-0.8730587;-0.68739843;1.2120881;-0.22245687;-1.3892071;0.4634305;1.0177953;0.91586816;-0.15527578;-1.5836462;1.6236129
-0.454495;0.88284427;1.1305252;1.3592126;0.14417407;-0.78112465;-1.0846231;-2.0549343;-1.0897619;-0.9220854;0.5563717;-0.27215213;0.2692075
-0.18573488;1.4945598;1.8451978;1.6092625;0.42418012;-0.62497795;-1.3878025;-1.5183076;-1.3139129;-0.6654001;-0.45056686;-0.70267063;-0.36885098
-0.6705907;-0.72757167;0.047945593;-0.10522339;0.2047022;-0.18966931;0.3671071;-0.71933615;-0.6283716;0.2900356;1.5890471;0.7658795;-0.84006625
-1.0635139;-0.39179954;-0.30426636;0.63755983;0.5402108;0.10044747;0.59144455;0.8885015;0.4488247;0.028782561;0.9315746;0.87856996;-0.6474894
1.68824;-1.2480807;-0.21584716;0.78187954;-0.9142236;-1.7195365;-2.199438;-1.683095;-1.6921659;-1.5725167;-2.192767;-2.1371465;1.4197547
0.7645973;-2.1002526;-1.0360101;-0.8721375;-0.7090051;-2.4628158;-1.4820359;-0.80972415;-0.19113949;0.9057871;-1.3806851;0.58061594;0.9384178
1.7035083;-1.2418894;-1.5698507;-0.6043723;-1.7851137;-0.94729644;-2.4800584;-0.6130392;-0.38123414;-0.42135367;-1.6711887;-2.8031318;1.6635445
-1.3921396;1.8082653;-0.95041335;0.33169618;0.79104435;0.5568641;2.418133;-1.7424716;0.5593975;-1.3396544;-0.41081297;-0.25877455;-0.46310264
1.8132883;0.44613495;-0.6244602;-0.019641984;-0.17342408;0.7066316;-0.5360284;-2.0890884;1.1294435;2.3617625;0.69456774;-0.40268546;1.9282366
-0.19247876;-0.8925349;-1.1428182;-0.09317828;0.6459481;0.14947619;1.6434864;0.7561654;0.7068109;0.15155879;0.8189471;0.11403417;-0.1347141
-0.9018371;1.574793;-0.3191319;-0.2827732;1.2266864;0.59406227;-0.5308311;1.1174134;-0.82666683;0.7297098;0.5977138;1.2961731;0.18645935
1.3871638;0.62300414;-0.41589865;0.13099445;0.22296871;3.1818857;-0.6191913;0.77296585;0.52724135;0.5056604;-0.70973116;0.29872006;1.5568172
-0.67317235;0.36504295;0.8071499;0.98134553;1.0752766;0.71262044;0.24084233;0.037417274;-0.25147617;-0.38194352;-0.952036;0.10329778;-0.71555734
1.6967722;0.2004538;-2.2900374;-1.3241968;-1.2104427;-0.26747432;-1.7560846;-0.75871515;0.2001881;-0.38917226;-2.502287;-1.6144239;1.3215526
0.75332063;1.1158035;0.9517988;-0.42295727;-1.3569279;-3.3731265;-2.0429142;-1.9623865;-0.51072866;-0.0039310856;-3.2510107;-0.097090565;1.290256
-0.19907145;-1.2071127;-0.6326481;-0.21773079;-0.6083649;0.42451552;-0.68744636;3.252541;-0.007260973;-0.29959688;0.5626533;1.5486969;0.71602833
-0.8762133;-0.23291564;0.12962757;0.0866307;0.59441507;0.5282134;1.3677537;2.2364392;2.1909862;1.8764514;1.1731532;1.4739709;-0.61906916
0.8354628;0.5051478;-0.03285116;-1.1953429;-2.3019104;-1.1150873;1.4709897;-2.0302422;-0.84984875;0.097248666;-2.5010078;0.4329574;1.0777731
-0.5264262;0.9511805;1.3237164;0.24426094;-0.70259994;-0.7747704;-1.18995;-0.1329642;-0.29578978;-1.5369647;-1.0030154;-0.0110137835;0.86946636
1.3529664;0.53678924;-1.1912156;-0.015618659;1.3656697;1.2357788;0.22269939;-0.5777084;0.2775041;-0.03335365;-0.842834;-1.9999807;1.0731881
-0.19350465;0.16012786;0.5066898;-1.0456254;-2.436344;-1.9169095;-0.7188912;0.1607185;0.8593478;1.5984546;1.8791691;0.53127426;-0.12996261
-0.73410237;2.5837078;-2.52374;1.282819;0.64727914;-0.11776209;1.2063981;-1.4504894;1.1226776;-0.9227437;1.9535583;-0.28639185;0.58104146
0.8937002;1.4690199;0.09134764;-0.7665895;-0.75204265;-0.69850475;-0.98548144;0.92018783;2.373093;0.6367598;-0.774533;-0.88488877;0.1761906
-0.1629135;0.20012037;-0.3768348;-0.5442265;-0.7279775;-0.45882034;0.5225711;1.218015;1.3722355;0.6756836;-0.1788171;-0.6082849;-0.3453886
0.21234258;1.0852592;0.9663876;1.7211252;0.44058815;1.2517716;-0.5600145;0.11384572;-0.5191168;0.3673274;0.32808566;0.110868365;1.4141383
0.22698423;0.7887723;-0.47523755;-0.7446194;-0.17626946;-0.19344155;-0.17963773;-0.36376685;-0.67225266;0.014259199;0.6019158;-0.4358339;-0.17012213
1.0181885;-2.9624891;-1.8884608;-3.6376002;-0.14493479;0.42772585;-3.2370975;-0.7851563;-3.5751252;-1.3765208;-2.0203755;0.25496945;1.9242672
2.048187;-0.6499895;-1.6959498;-0.8473914;-2.2948308;-1.79878;-0.6695121;-0.99848205;-1.0971974;-1.568552;-1.3109764;-0.4577174;1.9342606
0.24155928;-1.2668602;-0.7721462;1.0677292;1.1961122;0.039212946;-0.45298308;0.42286944;1.0580665;0.116650924;-0.44845122;-0.089726;0.3832278
1.2290931;-0.4469007;0.98545504;0.333453;-1.158178;-1.1869681;0.24771273;2.581063;-0.42728332;1.0922707;-1.442694;0.65316194;2.2418733
1.3793921;-1.0775433;-0.8108509;-2.9601219;1.2085862;0.2312975;-0.63296825;-1.1520966;-2.02301;-0.4392547;-0.79053015;-1.7855736;0.9830933
1.6595867;0.36353296;-2.787373;-3.0148807;-1.3772376;-0.33174118;-1.1619084;-3.309195;-2.984406;-2.553248;-0.40555766;0.9124174;1.5583948
0.7210675;0.82996607;2.0557575;1.6891329;0.40845498;-2.5013664;0.15837765;-0.31409883;-0.10675903;-0.1531345;-0.19531794;0.7544896;0.72008044
0.6867415;-0.5975957;0.73841953;-3.04039;-2.7610276;-0.5233319;-1.0506675;-0.81140256;-2.0249977;-0.36858773;0.36021346;-3.7158375;1.2561926
1.5029233;-0.3819625;-2.1468618;-1.6167604;-0.055907056;2.3268268;0.40257174;-2.188247;-1.5903935;-0.5256592;-0.5354568;-0.13400953;0.8496303
0.43603897;1.8360866;1.7783041;1.9693966;1.6701773;0.30219916;-1.0178404;-0.86872524;-0.24146076;0.029292021;-0.37123808;-0.15260293;0.96679235
-1.5279932;-0.9923453;0.064122245;-0.89785004;0.24056919;0.24261907;1.4071479;-0.13029057;1.0058454;0.40444395;0.26159492;1.2689959;-0.6211504
-0.4894448;0.28918302;0.7250811;1.266374;1.5442297;1.1707656;1.3440616;1.325947;0.90638983;0.8070921;0.33799228;0.4342485;-0.5406574
-0.19709644;0.7820741;0.10916519;-0.34070584;-0.69141066;-1.3495024;-1.0213121;-0.79343104;-0.29555315;1.0625867;1.4134802;0.5645401;-0.8313296
2.2333755;-2.2353442;-0.023475306;-0.5995884;-3.041546;-1.2079029;-0.82997364;-0.20328896;1.1546497;-0.7293842;-0.5934436;0.7303879;1.9002503
0.9941036;-0.6259155;0.9650201;0.34808084;-1.8948157;0.17638281;0.1403662;-1.5204746;-0.47966582;-1.0382941;-0.72862166;-0.8285552;1.265508
1.392143;-0.71358025;-0.071900375;-2.4733748;-1.1133987;0.18815179;-4.1900835;-0.81879354;0.60802543;-1.9609023;-0.5362387;-1.5261368;1.2697022
0.7415196;1.2170758;-0.19366288;-0.25786766;-0.27187887;0.7112189;1.0100402;0.5894842;1.0535753;1.7482585;1.6222376;1.1956604;0.48136348
0.47175276;-0.6710888;-2.2528431;-1.1883503;0.080515325;1.1473753;1.4439046;1.0236946;-0.48177505;-3.7852921;-3.1134908;-2.1944306;0.48025697
1.3252866;0.34774742;1.5790129;0.112975575;-0.5702748;-0.33036202;-1.4643703;0.689626;0.12776549;0.20890337;0.10937143;0.42019352;2.008387
0.5591002;-0.14030798;0.12962954;-2.696992;-1.6373883;-1.790423;-1.7302696;-1.0833312;-2.1861145;-0.42451733;-1.309638;-1.2464173;1.6543552
1.0714991;-0.92170084;2.049772;1.1310899;-0.45417854;-2.173075;-0.45935717;0.7276619;0.53957283;0.5373495;-0.17892252;1.0235898;1.0351415
0.49897486;1.9460825;1.4059867;0.44088832;0.35781425;0.30287156;-0.5258147;-0.031317305;0.52892214;-0.08908151;-0.6701415;-1.3061019;0.74241257
-1.0622902;-0.42957357;-0.18795525;-0.018115724;0.71100587;0.60694844;0.29091045;0.123753026;0.05547245;0.39076293;0.7049987;0.32614356;-1.2353393
0.11485368;0.51478225;-0.6634829;-0.7540304;-0.796011;0.025318474;0.25668132;-1.218171;-2.5154889;-2.5494008;-0.6212291;-0.2982686;-0.057357527
1.3419576;2.1738832;0.71297807;0.71532077;-0.619001;-0.29131395;1.0143673;0.86152077;-1.2780689;-1.1360854;-0.10410635;0.029358033;1.3013763
-1.4056185;-0.63310057;-0.25531554;0.38664016;0.19176103;0.108602054;1.1040564;0.01806715;-0.35319218;0.19110277;0.30164734;0.6368503;-1.3976024
-0.7932898;-0.45721358;-0.77299875;-0.49543625;-0.25353056;-0.9435726;-0.8785362;-0.17584829;0.2969104;0.7922032;1.808894;2.3249693;-0.80361915
0.21296391;1.4829705;0.609403;-0.16216417;-0.9877529;-1.6559808;-2.5662715;-1.7564291;-0.746321;-1.4879084;-0.7716464;-1.3565236;0.6038073
2.126067;-2.3974428;-2.6424875;-2.2928143;-0.92067915;0.09266228;-0.7083717;-1.1174839;-2.192958;0.2895244;-0.56220067;-4.550602;1.7754014
0.2648598;-0.8248286;0.11737964;-0.12647054;-0.47454464;-1.5931239;-0.79529667;1.1318266;-0.18643826;-0.08696714;0.2604446;0.03331535;-0.14643162
-0.0245434;0.24633531;0.050800934;0.8030353;0.89234835;0.7414647;-0.32822788;-0.42088068;0.6646307;1.7153184;1.4286231;1.0534174;-0.23066893
-0.65565354;-0.57095534;-0.030086152;-0.7792064;0.57385135;2.6664588;0.27319264;0.28610143;1.4707937;0.78320897;0.4857022;0.6530498;-0.8057137
-1.5400441;-0.7793921;-0.30775487;-0.10617443;0.956097;1.0066307;1.4244524;1.3930199;1.4218215;1.569077;0.053356983;1.140088;-0.72246206
-0.43913832;-0.13862021;0.2318461;0.63810015;0.73054194;1.4987823;2.197227;1.8211977;-0.21456489;-2.1790507;-1.2050911;-0.43321627;-0.37372047
-0.4077059;0.96217585;1.4807948;1.4613438;1.1405025;0.96886456;0.43576428;-0.60744697;0.2079566;0.77844685;0.38791093;0.13352183;0.11816896
-0.6963526;0.13570744;0.2831728;-0.012488636;-0.3177051;-0.38124034;-0.07833403;-0.048541695;0.07465559;-0.67158884;-0.8987276;-0.5333705;-0.17618856
-1.0768136;0.12736289;1.0755857;1.2073519;1.4733888;1.1584787;0.8097955;0.8093744;0.39694256;-0.03825414;0.05562505;0.8143441;-1.2266479
0.8649063;1.0480614;0.73942393;0.28532594;-0.1303584;-0.81108725;-2.898365;-2.476117;-2.4594467;-3.828313;-1.6653414;-1.3418262;1.4981345
0.420319;0.34232506;-1.1999687;-2.0010965;-0.4177418;2.0282953;1.5870771;0.48652834;0.07093826;-0.4012003;0.5652449;0.05536994;-0.583479
1.7761298;-2.6702988;-2.0129764;-1.0255424;-1.7210203;-0.8752022;-0.6408408;1.2032131;-1.9134718;-2.3675833;-2.2587988;-2.2524107;1.6088363
0.6159243;-0.05777304;0.25674114;1.4161184;1.0952225;-0.43039885;0.9284079;2.08516;0.23920964;-1.321409;-0.27498388;1.4150699;0.56317675
1.6500984;0.73867786;0.29360014;0.9077404;0.043682784;1.6030766;1.0858684;-1.1906637;-0.9479047;-0.53683174;-1.0307361;0.4636041;1.4654636
1.7558098;-0.55513084;-0.9181447;-0.7034141;-0.92011553;-0.8728634;0.23089717;1.4160234;1.432575;0.07597181;-1.256419;-1.2948861;1.8565531
2.059112;-0.20910496;-1.7116601;0.5709229;-0.5563924;-0.5914262;-1.0426817;0.5478664;0.03568241;3.1719155;-0.95404804;-1.6360885;1.2909119
-0.9786685;-0.035399463;0.38609707;-0.2802651;0.3667957;0.033365298;0.056292325;0.1177135;0.77192235;1.0652655;1.0037353;1.9866272;-1.0142803
0.14724956;-0.22630273;1.2737118;0.6528738;2.0064478;-0.2690267;-0.1087379;0.4535958;0.32457268;0.32772776;0.7614791;0.48352268;1.4505584
0.25775284;1.5487319;1.4910486;0.46429718;-0.24004547;0.2952656;0.41432434;1.1654229;1.1696844;0.7202492;0.77597994;-0.09320497;0.4422456
1.4277455;-0.16681825;1.9658738;0.99229264;-1.4346397;-0.7987649;-1.0943805;-0.14287224;1.3029475;0.93069595;0.091366075;0.81737834;1.4952768
1.0967959;-1.5870447;-1.6009926;-0.77920544;-1.6743624;-0.1686164;0.46587265;-0.0071453983;-3.803046;-0.6995913;-1.7744867;-1.0415912;1.6083868
-1.2967048;0.065464206;0.3616285;0.44834653;0.73895794;-1.1410505;-0.11369326;-1.3779532;-1.8147864;-0.42377245;0.29065225;0.5351182;-0.06357926
0.75534284;0.78351784;2.0497499;0.9240166;2.0245426;1.6611304;1.6092783;3.8502808;-0.7300814;-2.290728;-0.120680265;0.64842886;1.4616231
1.7444935;-2.5708745;-2.8580134;0.2461093;-1.0600364;0.8834677;-0.8842025;-1.2399919;-0.2649868;-1.6271024;-2.9837873;-2.1367974;1.3429366
1.0482599;1.5534726;0.47387412;-0.2904963;0.22142261;-1.8185476;-0.6038406;-1.1987526;-2.1115413;-0.44399795;-1.1010162;-0.44146717;0.69291663
0.3417116;-0.38318563;-2.1345556;-0.35398975;2.2975547;1.1917876;1.0087103;0.2794327;-0.8471085;2.2293065;-0.37520263;-0.6777381;0.38992104
-1.7807344;1.9794301;1.8214138;-1.1808958;0.60199916;1.2723053;-1.5045288;-0.0826802;-0.24744223;-2.2107475;0.50997764;-1.149475;0.43256637
-0.8592993;-0.49295783;-0.10132291;-0.079869404;-1.0362813;1.9778768;0.5715769;2.8662083;-1.0868309;1.643351;-1.6468521;0.6248955;-0.34732243
0.013231307;0.16359271;-1.3591412;-0.795847;-0.9114396;-0.33155978;0.21750565;-0.23369399;-1.1745045;-1.2631668;-0.7732191;-0.7120931;0.26551402
1.862234;1.1426646;-0.05561906;-0.77707916;0.16233592;1.2631617;-1.6796732;-2.4416156;-1.0451477;0.9394098;1.6629577;0.67576617;1.7074083
0.39940524;1.5026752;2.682676;0.60889834;-0.8971259;-0.47971237;0.30752248;0.33084005;-0.26123554;-0.6495931;-0.0642989;-1.225463;1.7540306
-0.077543475;0.15067965;-0.4047614;0.17474717;0.18636854;-0.22786851;-1.2241989;-2.0675406;-1.8624687;-2.8582966;-3.5233111;-2.9546854;-0.37695038
0.12969017;1.6199342;1.1344095;0.009757013;-0.5741521;-0.87499535;-1.0162436;-1.0573905;-1.1251367;-0.23298883;0.46655852;0.4633622;0.113974825
0.14341958;0.72669315;0.24440384;7.804235E-4;-0.5562711;1.0288291;-1.0353116;-2.3601491;0.8163086;0.21709691;0.13139321;1.4879282;2.8352582E-4
1.0412271;-1.0086547;-0.6427015;-0.50790775;-1.1745199;-2.069096;-1.7734301;-0.9212081;-2.0373778;-2.5398214;0.8038233;-1.2109327;1.6819558
0.011354202;0.81545544;-0.40232286;-0.6920988;-0.19873716;0.8873126;1.8632914;1.1844761;0.14662793;-1.5280552;-1.2579654;0.40486428;-0.555201
2.36695;-2.5397105;-1.4638473;-0.61604893;0.07448541;1.10706;-0.07521064;0.47147676;1.0994238;0.28967416;-4.8911705E-4;-3.934244;1.9857223
1.1220316;-2.0926387;-1.2679743;-1.5571892;-0.9990662;-2.2558303;-2.0691514;-0.21707574;-0.16212925;-2.8150816;-2.2365777;0.73658955;1.4272408
0.30358353;0.4099498;0.2877613;0.07396628;-0.28819;-1.3182997;-1.0105425;0.1385273;1.1979417;0.8537493;-1.2913879;-1.5204164;-0.45365074
-0.5592286;0.20350994;0.6236279;1.1036701;0.9005009;0.5678315;0.40815687;0.43465784;0.98776597;-0.111491255;-0.89257765;-0.7379933;-0.61794704
0.24044034;1.535201;1.2335738;0.72979534;-0.82351255;-0.8139984;0.18995397;0.43799263;0.36188635;0.7607253;0.42960557;1.8461336;-0.22658463
0.11510322;-1.2655418;0.39557204;-0.64847296;-0.2697963;1.1361729;0.82285225;0.3878623;0.94206643;0.33987978;-0.05381346;1.4139606;0.32967973
-1.0417359;-0.3308674;0.52011025;0.5472209;0.7745545;1.1789097;1.0015157;1.1962343;0.42931834;0.40746686;0.06571437;0.5510792;-0.6460672
0.5806332;-1.4375045;0.9215705;-0.7634973;-0.57971334;-1.3678938;-3.8926418;-0.1404132;-1.1021383;-1.9394103;-1.1268466;-2.918483;0.9050885
1.5743612;1.2994429;-2.1762085;-3.5555818;0.30841964;1.0168191;-0.2656166;-0.010737787;-2.4842787;-0.91479915;0.49464014;-0.46945667;1.3549274
-0.8821226;-0.5508106;-0.28106835;0.068455875;0.07967192;-0.03766425;-0.02422514;0.1997066;0.43245974;0.0039726635;0.57808816;0.3977983;-1.0748625
-1.0978063;-0.8074561;-0.5178273;-0.6804535;-0.0033657053;1.0240953;0.9079313;0.28667784;-0.07934253;0.3353033;0.9784865;0.7881318;-1.4635303
-0.09423841;2.085869;2.9953892;1.4110293;0.19048661;-0.8465501;-1.4869293;-0.22696704;-0.54389787;-2.5998256;-0.51704407;2.6398323;1.1336491
0.85867316;0.1989158;0.3395259;-0.884054;-1.1111258;-1.2740581;-1.0431961;-0.51298684;-0.7639052;-1.0719547;0.099328086;0.42216215;1.258145
1.1689496;1.4592103;-0.7007469;-0.8705744;2.0627236;1.4207925;-0.079551086;0.48466495;-0.18161413;1.0819137;0.8315946;0.32905293;1.4832666
1.5506114;0.27846324;-2.2998729;-2.308425;-0.6199131;-1.394965;-1.0289413;-0.16321102;-2.417633;-2.7978365;-3.5292022;-0.8089808;1.7206742
-0.7638285;-1.4240297;-0.12675014;-0.55512;-0.06562729;0.69544137;-0.17653811;2.5672464;0.9230638;-0.7695166;-1.7028689;1.497822;-0.6683431
1.348736;1.5863218;0.7642283;0.82979244;0.79022807;0.51116085;-1.5069838;-2.4803865;-0.16377144;0.90556824;0.64069843;-0.4952307;1.0762706
2.4988046;-0.24041176;-1.1389028;-1.6693959;-0.8962116;2.6999273;0.81235576;-1.4251986;0.22875203;0.44765788;0.9892528;0.36208713;1.6339245
0.16497023;-1.0063472;-0.7586018;0.08171918;0.44109985;0.6204475;1.2334218;0.3183775;0.5187964;0.95433235;0.31766102;1.1062381;-0.27633244
1.0828384;0.9036782;-1.1584816;-1.1330949;0.10662178;1.6266139;1.0014124;-1.0769976;-0.65911;-0.68014437;-0.71316624;-0.6924159;0.60872734
-0.46126226;0.7292737;0.6663576;0.58471054;0.591375;-0.16402505;-0.10305504;0.11232446;-1.3351458;-0.031303313;0.327653;1.9779865;-0.25258318
1.0762074;-2.378584;-0.07137996;-1.9759701;-3.5635605;-0.56179464;-0.7445679;0.6992944;-2.120036;-1.1901802;-1.0186442;-0.17252207;1.6809142
1.2265674;-0.3354569;1.3661648;0.73152494;0.4066704;0.22316676;-0.8253957;-0.66541266;-0.43177322;0.055973854;0.99417096;-3.2787535;0.8715394
0.48958784;0.40392274;0.20377715;-0.39520618;0.41505384;0.4848495;-0.956251;1.3608336;2.2938368;0.73772985;-0.43966225;-0.686651;0.47587788
0.86058503;1.8258674;1.3455857;1.153213;0.89417446;-0.017699797;-0.5063707;-1.0648901;-0.6832378;0.18079987;-0.45850715;-0.92716837;1.5907791
-1.4241182;-0.46832794;-0.13025707;0.91436493;0.9104037;1.0623904;0.95979;1.1839757;1.2292404;0.5820642;1.1607966;0.7844717;-1.756005
-1.0674363;-0.79405373;-0.5749294;0.38632977;0.14155887;0.84003955;1.0494493;1.3862686;0.5371713;1.5371406;2.2560232;2.7771924;-0.77390003
-0.70521945;1.4497149;-1.4961225;1.9637686;-0.43774694;0.36872917;1.1723117;-1.3825375;0.6940169;0.16381064;0.66741693;-0.5407102;0.7023174
0.11837015;1.2166084;0.20588835;0.10194297;-0.2504508;0.56851393;0.6142289;-0.38125807;-0.36692086;1.0884312;-0.51273423;-2.1115134;-0.14081271
0.4333657;-0.23079683;-0.85675395;-0.7754426;-1.0013129;-0.90101165;-0.5940037;-0.15997426;1.1692009;1.567386;-0.42968914;-2.9086306;-0.4898542
-1.2394311;-1.6373965;-0.61876017;0.99081177;0.58542156;0.7137953;0.45810366;1.029235;0.6450746;-0.09323278;0.39186448;0.45230263;-1.1617671
0.24728167;-0.4805945;-1.2363681;-1.4410664;-2.218911;-1.9104393;-0.55618465;0.56497514;1.9623935;-0.4622344;-1.6595055;-1.1468467;0.18512039
0.1808109;-3.5208466;-0.2592815;-2.5713434;-1.2335838;0.10778557;1.3989537;-1.7639295;-1.691517;-1.4202774;0.72020805;1.289636;0.9379841
0.6779656;1.4143456;1.1008648;0.8939059;1.1262846;0.85836214;0.19085152;-0.061132025;0.77371305;-0.03404402;-0.6248024;0.13728707;1.5223466
0.43848392;0.41092518;0.018599756;0.35513565;1.7251979;0.5591331;-0.29527125;2.5913494;0.29641506;0.6199803;0.0038457399;-1.1822538;0.33715767
2.1226175;-3.1637385;-1.6562793;-0.48045558;-1.8333404;0.3576225;-1.1746448;1.6351569;-0.099171884;-0.9657908;-1.7281033;-1.2680267;1.7001286
-1.2304568;-0.4191714;0.13117109;0.254336;0.12323782;0.23949902;-0.47005317;-0.8950327;-0.72769153;-0.9074499;0.39408553;-0.32290033;-0.61877465
0.26477617;-0.2534408;0.9339253;0.43688262;-1.413019;0.28528056;0.22227196;-1.4768456;-1.4642538;-0.26672524;-0.37422165;0.38038376;-0.25080743
1.4057626;2.0482385;1.4136542;-2.3677585;-1.0635335;-1.1558777;-1.9884919;-1.5197263;-1.8047824;-1.0527388;-1.488158;1.2854095;1.6802818
1.296674;-1.6653779;0.07248804;-1.7428105;-1.0737232;-2.7765207;-1.9124222;-0.7861361;-0.24362476;0.27672094;-2.2350411;0.89036286;1.1432619
0.73985684;-1.8370136;-3.6673622;-3.205946;0.06976229;0.39615014;-1.3176662;-0.40052778;-0.6352951;2.3359194;3.0625334;1.2074143;0.84211457
1.8677509;-0.09276025;-1.7182031;0.31044862;0.671268;0.37035215;-0.15263213;-1.3045672;-0.60543144;0.57848793;-0.38195452;-0.37733564;1.4533631
0.33470201;-0.21878308;-0.3417355;0.70606905;1.1837088;0.5984947;1.3652675;0.30147013;-1.2041962;-1.480013;0.55021113;3.3921704;-0.017406952
0.22759116;1.5056651;0.99420196;0.2914026;-0.72292477;-1.5578444;-0.8032847;1.1230025;0.7511772;0.2883013;0.118326634;-0.20306276;0.13600452
0.2029276;0.2013812;1.6410161;0.06714042;-1.0114722;-0.39338022;-0.21508512;-0.31322765;0.97110325;0.5040979;0.49765557;0.49284273;0.15827228
0.5791636;1.0295142;-0.6146456;-1.0648168;-0.2776724;-0.13943318;-0.07082788;0.07475133;0.515764;0.283555;0.8878295;0.6395232;0.10016533
1.82297;-1.0282646;-1.0217781;-1.2378081;-2.976744;-1.0283917;0.2593378;-1.2459201;-1.4284661;-1.5003468;-1.215587;-1.6398029;1.7465717
0.6732082;1.9436625;1.5397326;1.1795896;0.63889945;1.5284979;1.4298054;-0.13759069;-0.77486235;-0.21525234;-0.025736552;-0.34148347;0.80362403
1.3242397;-0.024796303;2.2587993;-1.9315404;-0.9484626;0.56666005;-1.4616643;0.7292228;0.03874093;-1.2584916;1.8681009;-2.85581;1.7611601
-0.87294596;0.28312108;0.053043947;-0.4045523;-0.62799317;-1.0971464;-0.9258409;-1.4647883;-0.5490905;-0.28859615;-0.4764957;-0.81873274;-0.89369786
-1.1378475;-1.0441315;-0.54120076;0.031319097;-0.35179868;0.14468549;0.75485826;-0.3585174;0.28954074;0.82617277;0.5048534;0.546149;-1.0696343
0.08640665;-0.9468922;0.2276246;0.36650974;-0.5044728;-0.87467915;-0.9813836;1.2898216;0.2478677;1.7476308;2.1083488;0.21825893;0.6138216
1.8219669;0.53595704;-1.5647899;-0.98093367;1.23865;-0.8020462;0.83949137;-1.123106;1.9851013;0.53469276;-1.8558365;0.24788623;1.5891131
0.053841088;-0.320786;1.9522477;0.13782977;-2.6993117;-1.777461;-1.3867819;0.3075097;-0.083933406;-0.9433227;0.9664132;-0.21682966;-0.24416527
-0.812953;-0.40758187;-0.52050465;-0.24911562;0.124123126;0.81084734;1.0489746;0.9900064;1.2622434;1.4338282;1.2229817;0.41772482;-1.0043116
1.0212759;-1.2327859;0.6308861;-1.9587469;-0.9956627;-2.3183398;-0.9029713;0.45529205;-1.8619012;-1.990737;-0.7616461;0.88729197;1.3382092
1.191509;0.0089283325;1.103114;1.7593762;-0.31597584;0.39360002;0.62397534;-1.746021;-1.1087949;0.20241116;1.4260168;-0.5904942;1.5159752
-0.110332906;-1.2080144;-1.5289265;-0.30999973;0.13851625;-0.60430324;0.10047052;0.398805;-0.34715903;0.38669935;-0.07137722;-0.16763087;-0.3329906
0.9675828;1.4262071;-0.5198451;-0.4934047;0.13198036;1.5696622;0.67620105;-1.1776826;-0.7671612;0.0737015;1.2930397;1.3247458;1.137383
0.75192565;-1.2369527;1.4788572;-0.73794043;-2.8795974;-2.178721;-1.6021125;-1.4503965;0.68612677;-1.4641215;-1.854452;-0.15216084;0.98562664
-1.134818;-1.8777838;-1.170908;-0.03414019;1.2321382;1.6350883;2.0129802;0.96648884;0.09520854;-1.0746589;-0.43800336;0.70321196;-1.4747422
0.17268097;-0.71408796;-1.4577167;-0.4986417;0.585693;0.3532594;-0.3546065;-0.4207776;-0.39610806;-0.6539339;-1.0377008;-0.16465919;-0.42276126
-0.61632884;-1.1701595;-1.5317732;-0.15108424;1.1485556;1.2080123;0.7957783;0.2477254;0.48489377;-0.14530209;-0.6942191;-0.81511873;-0.67035717
0.031571854;2.661482;-0.26242658;0.95973516;-0.32835016;0.4528133;-1.3810881;-0.9806011;-0.8125674;-1.3132234;1.3168608;-0.4359834;1.1800038
-1.0668657;-0.9097269;-0.30811405;0.27159774;0.24838307;0.1676433;0.3710921;0.4412579;0.7642602;0.31467494;1.2964287;0.7304177;-0.73556197
-0.39058748;0.6237578;0.25498596;-0.088546865;-0.5599639;-0.15286742;0.28773433;0.4401211;0.7309398;0.61614203;0.76458114;1.1653438;-0.43116868
-0.8106587;-0.10886674;0.06889611;0.5981435;0.44698426;1.0646858;2.2839057;0.84215635;0.6744452;0.57069355;0.6883991;0.26645356;-0.5008463
1.8333368;-0.050414752;-2.3103042;-2.8695366;0.14154524;0.21503654;-2.5401075;-0.3934162;-2.177923;-0.8898832;-1.2506449;-0.9887518;1.6638311
0.70567447;0.4402245;-0.4879074;-0.625186;-0.7199526;-0.32343176;-0.24840651;1.2247128;2.2007346;1.860324;-0.8153329;-3.0018182;-0.16050115
0.93295944;-0.26788476;2.0582895;-0.2118746;-0.481149;-0.9420671;0.13245745;0.33969826;-0.31656975;-2.1266408;0.2098707;-3.2546782;1.4146844
-0.49684697;-0.39744553;0.22754669;1.5526537;2.9725137;0.91388774;-0.11309787;1.2062898;0.9125123;1.6139895;-0.34301114;-1.769299;0.5932279
2.0922318;-1.7070374;-2.4967563;0.14817189;0.44435084;0.095123775;0.32107973;-0.19698668;0.1182988;-0.5288898;-1.7084574;-0.65205014;0.8194182
1.2307441;-0.46024388;-2.5752003;-0.14959286;0.8733533;0.64548063;-1.6457957;0.968846;-0.69201595;-1.9634497;0.63616055;-2.681515;0.7961221
2.0183227;0.6899174;-0.5326045;0.23758514;0.2801803;1.873903;0.9889701;-1.1241926;0.38773173;1.4194158;0.03759019;-1.3993056;1.4973923
1.3018775;1.3590374;2.0319471;0.06151452;-1.4626656;-0.3071113;-0.97729164;-0.9927787;-2.4810255;-1.0123186;0.52768856;-1.119536;1.8321157
0.18939601;1.2873008;-0.11053278;-0.23941375;-0.5292889;-0.55421853;-0.6490975;-1.09841;-0.28422448;-0.20550184;0.8226378;0.2756935;-0.07850293
-0.7414231;-1.0986197;2.8376608;0.3265621;-0.0804467;1.1920683;0.5355484;1.0376302;1.0376154;-0.17593919;-0.20535825;-0.7518105;0.46545386
0.27128524;1.1893097;0.34606886;-0.23006465;-0.093863234;-0.72543323;0.09618871;0.42607522;1.2484015;0.7563791;-0.042013258;-0.5934038;-0.33763734
0.14296979;1.5307623;1.8459831;1.707063;1.76871;1.0407017;1.421495;0.7100369;0.13210511;0.71637934;1.3931131;0.97912514;0.65401334
0.10566185;-0.63268906;0.058670048;-1.5437626;-2.0782235;-1.2320459;0.13940059;-1.2640078;-2.0244467;-1.4819103;-1.1911197;-1.2133137;1.0724515
0.5346149;-3.723533;-0.7794248;-2.8366976;-0.46256855;-1.1329026;-0.21448441;-0.31012204;-0.28050908;-1.6246845;-0.6858535;1.6382511;1.5719851
1.7057742;-2.8829672;-1.1186383;-1.6898797;-1.5760715;0.5441794;-0.9251716;-0.16121422;0.3794151;-1.6014115;-1.9503397;-1.5030422;0.975034
-0.038297344;0.8443153;0.562323;0.73273885;-0.45626056;-0.5600609;-1.1551949;-1.064798;-1.0086844;-0.8530312;-0.47246134;-0.4453862;-0.5349713
0.72774404;-5.6401353;-0.04369779;-3.107816;0.0926241;-1.689297;-0.33181506;0.63292557;-4.0697875;-1.4770762;-2.403001;-1.4893178;1.5017769
1.1388156;-1.6994393;-0.024423668;-1.0982151;-0.4986656;-1.5299178;-1.9304862;0.89427745;-0.20730335;-1.2723505;-1.0039569;-2.2081232;1.1394719
1.3577409;-1.0317702;-2.1910923;-2.2211082;-1.2592989;-2.5338604;-2.4962614;-0.88608843;-0.7842512;-2.4261913;-0.2910059;1.9604714;1.5847877
1.0096085;0.4732036;0.9290102;0.7272824;0.4261969;-0.90170825;-0.083014525;1.3899583;0.40169108;0.8487154;-0.49334383;-0.24255581;1.4358222
-0.60174453;0.95340604;1.3782051;1.2183565;1.052625;1.0988928;0.29878598;0.17574452;-0.190985;-0.6259275;-0.78895086;-0.61807936;-0.8690355
0.040138714;1.0524437;0.6902891;0.9047155;0.30585426;-0.64423746;-0.6485563;-0.112144046;-0.047418278;0.45042887;0.8111565;-0.35939518;-0.5336454
1.7527903;-1.9922069;-1.6302731;-1.6891043;-1.0956292;-0.6784652;-0.6348084;1.5612286;-2.06131;-1.6697931;-1.9159495;-1.2126808;1.6446489
0.023338797;-2.466058;2.2510147;-3.014927;-1.9742341;-2.173284;-1.0406429;0.1489436;-3.7831893;-0.5095922;-1.340108;-1.5890538;1.5365367
0.89108247;0.28764004;0.43744338;2.3837664;1.1471074;-0.033190902;-0.4952773;-0.99720097;-0.9874291;-1.1553867;-0.38528252;-0.5514623;0.5250632
-0.12514366;0.7468264;-0.2466861;-0.6353069;-0.7290991;-1.082524;-0.70180845;0.4167071;0.022559242;-1.075206;-0.8814206;-1.1914077;-0.82318985
1.809527;0.062352598;0.9533144;0.335783;0.35459778;-0.5367947;-1.9656826;0.26073974;0.27311438;-0.12103759;0.8879676;-0.38164747;1.7534947
-0.24401987;-1.0533841;-0.37177962;0.75120425;-0.8556343;1.1560632;0.65172905;1.3092755;-1.1186721;-9.8060984E-5;0.55029255;1.2427076;-0.008252389
